      0.01      13114 3.87937e+07      13114      13114
      0.02      11108 3.87937e+07      11108      11108
      0.03      10089 3.87937e+07      10089      10089
      0.04       9153 3.87937e+07       9153       9153
      0.05       8387 3.87937e+07       8387       8387
      0.06       7635 3.87937e+07       7635       7635
      0.07       6898 3.87937e+07       6898       6898
      0.08       6105 3.87937e+07       6105       6105
      0.09       5378 3.87937e+07       5378       5378
       0.1       4739 3.87937e+07       4739       4739
      0.11       4176 3.87937e+07       4176       4176
      0.12       3639 3.87937e+07       3639       3639
      0.13       3233 3.87937e+07       3233       3233
      0.14       2896 3.87937e+07       2896       2896
      0.15       2601 3.87937e+07       2601       2601
      0.16       2302 3.87937e+07       2302       2302
      0.17       2098 3.87937e+07       2098       2098
      0.18       1857 3.87937e+07       1857       1857
      0.19       1650 3.87937e+07       1650       1650
       0.2       1494 3.87937e+07       1494       1494
      0.21       1346 3.87937e+07       1346       1346
      0.22       1247 3.87937e+07       1247       1247
      0.23       1134 3.87937e+07       1134       1134
      0.24       1055 3.87937e+07       1055       1055
      0.25        977 3.87937e+07        977        977
      0.26        924 3.87937e+07        924        924
      0.27        879 3.87937e+07        879        879
      0.28        846 3.87937e+07        846        846
      0.29        801 3.87937e+07        801        801
       0.3        764 3.87937e+07        764        764
      0.31        740 3.87937e+07        740        740
      0.32        717 3.87937e+07        717        717
      0.33        684 3.87937e+07        684        684
      0.34        665 3.87937e+07        665        665
      0.35        636 3.87937e+07        636        636
      0.36        615 3.87937e+07        615        615
      0.37        590 3.87937e+07        590        590
      0.38        571 3.87937e+07        571        571
      0.39        560 3.87937e+07        560        560
       0.4        541 3.87937e+07        541        541
      0.41        527 3.87937e+07        527        527
      0.42        507 3.87937e+07        507        507
      0.43        484 3.87937e+07        484        484
      0.44        467 3.87937e+07        467        467
      0.45        447 3.87937e+07        447        447
      0.46        435 3.87937e+07        435        435
      0.47        413 3.87937e+07        413        413
      0.48        397 3.87937e+07        397        397
      0.49        372 3.87937e+07        372        372
       0.5        352 3.87937e+07        352        352
      0.51        327 3.87937e+07        327        327
      0.52        310 3.87937e+07        310        310
      0.53        296 3.87937e+07        296        296
      0.54        279 3.87937e+07        279        279
      0.55        263 3.87937e+07        263        263
      0.56        244 3.87937e+07        244        244
      0.57        227 3.87937e+07        227        227
      0.58        216 3.87937e+07        216        216
      0.59        200 3.87937e+07        200        200
       0.6        187 3.87937e+07        187        187
      0.61        175 3.87937e+07        175        175
      0.62        161 3.87937e+07        161        161
      0.63        150 3.87937e+07        150        150
      0.64        136 3.87937e+07        136        136
      0.65        124 3.87937e+07        124        124
      0.66        118 3.87937e+07        118        118
      0.67        109 3.87937e+07        109        109
      0.68        103 3.87937e+07        103        103
      0.69         96 3.87937e+07         96         96
       0.7         90 3.87937e+07         90         90
      0.71         82 3.87937e+07         82         82
      0.72         75 3.87937e+07         75         75
      0.73         66 3.87937e+07         66         66
      0.74         61 3.87937e+07         61         61
      0.75         57 3.87937e+07         57         57
      0.76         49 3.87937e+07         49         49
      0.77         39 3.87937e+07         39         39
      0.78         34 3.87937e+07         34         34
      0.79         27 3.87937e+07         27         27
       0.8         20 3.87937e+07         20         20
      0.81         17 3.87937e+07         17         17
      0.82         13 3.87937e+07         13         13
      0.83          8 3.87937e+07          8          8
      0.84          5 3.87937e+07          5          5
      0.85          3 3.87937e+07          3          3
      0.86          1 3.87937e+07          1          1
      0.87          0 3.87937e+07          0          0
      0.88          0 3.87937e+07          0          0
      0.89          0 3.87937e+07          0          0
       0.9          0 3.87937e+07          0          0
      0.91          0 3.87937e+07          0          0
      0.92          0 3.87937e+07          0          0
      0.93          0 3.87937e+07          0          0
      0.94          0 3.87937e+07          0          0
      0.95          0 3.87937e+07          0          0
      0.96          0 3.87937e+07          0          0
      0.97          0 3.87937e+07          0          0
      0.98          0 3.87937e+07          0          0
      0.99          0 3.87937e+07          0          0
