      0.01      65570 1.93712e+08      13114      13114
      0.02      55540 1.93712e+08      11108      11108
      0.03      50445 1.93712e+08      10089      10089
      0.04      45765 1.93712e+08       9153       9153
      0.05      41935 1.93712e+08       8387       8387
      0.06      38175 1.93712e+08       7635       7635
      0.07      34490 1.93712e+08       6898       6898
      0.08      30525 1.93712e+08       6105       6105
      0.09      26890 1.93712e+08       5378       5378
       0.1      23695 1.93712e+08       4739       4739
      0.11      20880 1.93712e+08       4176       4176
      0.12      18195 1.93712e+08       3639       3639
      0.13      16165 1.93712e+08       3233       3233
      0.14      14480 1.93712e+08       2896       2896
      0.15      13005 1.93712e+08       2601       2601
      0.16      11510 1.93712e+08       2302       2302
      0.17      10490 1.93712e+08       2098       2098
      0.18       9285 1.93712e+08       1857       1857
      0.19       8250 1.93712e+08       1650       1650
       0.2       7470 1.93712e+08       1494       1494
      0.21       6730 1.93712e+08       1346       1346
      0.22       6235 1.93712e+08       1247       1247
      0.23       5670 1.93712e+08       1134       1134
      0.24       5275 1.93712e+08       1055       1055
      0.25       4885 1.93712e+08        977        977
      0.26       4620 1.93712e+08        924        924
      0.27       4395 1.93712e+08        879        879
      0.28       4230 1.93712e+08        846        846
      0.29       4005 1.93712e+08        801        801
       0.3       3820 1.93712e+08        764        764
      0.31       3700 1.93712e+08        740        740
      0.32       3585 1.93712e+08        717        717
      0.33       3420 1.93712e+08        684        684
      0.34       3325 1.93712e+08        665        665
      0.35       3180 1.93712e+08        636        636
      0.36       3075 1.93712e+08        615        615
      0.37       2950 1.93712e+08        590        590
      0.38       2855 1.93712e+08        571        571
      0.39       2800 1.93712e+08        560        560
       0.4       2705 1.93712e+08        541        541
      0.41       2635 1.93712e+08        527        527
      0.42       2535 1.93712e+08        507        507
      0.43       2420 1.93712e+08        484        484
      0.44       2335 1.93712e+08        467        467
      0.45       2235 1.93712e+08        447        447
      0.46       2175 1.93712e+08        435        435
      0.47       2065 1.93712e+08        413        413
      0.48       1985 1.93712e+08        397        397
      0.49       1860 1.93712e+08        372        372
       0.5       1760 1.93712e+08        352        352
      0.51       1635 1.93712e+08        327        327
      0.52       1550 1.93712e+08        310        310
      0.53       1480 1.93712e+08        296        296
      0.54       1395 1.93712e+08        279        279
      0.55       1315 1.93712e+08        263        263
      0.56       1220 1.93712e+08        244        244
      0.57       1135 1.93712e+08        227        227
      0.58       1080 1.93712e+08        216        216
      0.59       1000 1.93712e+08        200        200
       0.6        935 1.93712e+08        187        187
      0.61        875 1.93712e+08        175        175
      0.62        805 1.93712e+08        161        161
      0.63        750 1.93712e+08        150        150
      0.64        680 1.93712e+08        136        136
      0.65        620 1.93712e+08        124        124
      0.66        590 1.93712e+08        118        118
      0.67        545 1.93712e+08        109        109
      0.68        515 1.93712e+08        103        103
      0.69        480 1.93712e+08         96         96
       0.7        450 1.93712e+08         90         90
      0.71        410 1.93712e+08         82         82
      0.72        375 1.93712e+08         75         75
      0.73        330 1.93712e+08         66         66
      0.74        305 1.93712e+08         61         61
      0.75        285 1.93712e+08         57         57
      0.76        245 1.93712e+08         49         49
      0.77        195 1.93712e+08         39         39
      0.78        170 1.93712e+08         34         34
      0.79        135 1.93712e+08         27         27
       0.8        100 1.93712e+08         20         20
      0.81         85 1.93712e+08         17         17
      0.82         65 1.93712e+08         13         13
      0.83         40 1.93712e+08          8          8
      0.84         25 1.93712e+08          5          5
      0.85         15 1.93712e+08          3          3
      0.86          5 1.93712e+08          1          1
      0.87          0 1.93712e+08          0          0
      0.88          0 1.93712e+08          0          0
      0.89          0 1.93712e+08          0          0
       0.9          0 1.93712e+08          0          0
      0.91          0 1.93712e+08          0          0
      0.92          0 1.93712e+08          0          0
      0.93          0 1.93712e+08          0          0
      0.94          0 1.93712e+08          0          0
      0.95          0 1.93712e+08          0          0
      0.96          0 1.93712e+08          0          0
      0.97          0 1.93712e+08          0          0
      0.98          0 1.93712e+08          0          0
      0.99          0 1.93712e+08          0          0
