      0.01     107640 1.90656e+08      21528      21528
      0.02      94795 1.90656e+08      18959      18959
      0.03      85150 1.90656e+08      17030      17030
      0.04      77720 1.90656e+08      15544      15544
      0.05      71215 1.90656e+08      14243      14243
      0.06      64975 1.90656e+08      12995      12995
      0.07      59055 1.90656e+08      11811      11811
      0.08      53765 1.90656e+08      10753      10753
      0.09      49135 1.90656e+08       9827       9827
       0.1      45040 1.90656e+08       9008       9008
      0.11      41360 1.90656e+08       8272       8272
      0.12      37920 1.90656e+08       7584       7584
      0.13      34820 1.90656e+08       6964       6964
      0.14      32390 1.90656e+08       6478       6478
      0.15      30015 1.90656e+08       6003       6003
      0.16      27840 1.90656e+08       5568       5568
      0.17      25695 1.90656e+08       5139       5139
      0.18      23860 1.90656e+08       4772       4772
      0.19      22030 1.90656e+08       4406       4406
       0.2      20465 1.90656e+08       4093       4093
      0.21      18755 1.90656e+08       3751       3751
      0.22      17400 1.90656e+08       3480       3480
      0.23      16050 1.90656e+08       3210       3210
      0.24      14685 1.90656e+08       2937       2937
      0.25      13760 1.90656e+08       2752       2752
      0.26      12695 1.90656e+08       2539       2539
      0.27      11845 1.90656e+08       2369       2369
      0.28      10995 1.90656e+08       2199       2199
      0.29      10190 1.90656e+08       2038       2038
       0.3       9435 1.90656e+08       1887       1887
      0.31       8735 1.90656e+08       1747       1747
      0.32       8120 1.90656e+08       1624       1624
      0.33       7540 1.90656e+08       1508       1508
      0.34       7030 1.90656e+08       1406       1406
      0.35       6580 1.90656e+08       1316       1316
      0.36       6115 1.90656e+08       1223       1223
      0.37       5710 1.90656e+08       1142       1142
      0.38       5330 1.90656e+08       1066       1066
      0.39       4995 1.90656e+08        999        999
       0.4       4675 1.90656e+08        935        935
      0.41       4340 1.90656e+08        868        868
      0.42       4040 1.90656e+08        808        808
      0.43       3800 1.90656e+08        760        760
      0.44       3565 1.90656e+08        713        713
      0.45       3375 1.90656e+08        675        675
      0.46       3185 1.90656e+08        637        637
      0.47       3035 1.90656e+08        607        607
      0.48       2870 1.90656e+08        574        574
      0.49       2680 1.90656e+08        536        536
       0.5       2465 1.90656e+08        493        493
      0.51       2330 1.90656e+08        466        466
      0.52       2170 1.90656e+08        434        434
      0.53       2045 1.90656e+08        409        409
      0.54       1890 1.90656e+08        378        378
      0.55       1820 1.90656e+08        364        364
      0.56       1695 1.90656e+08        339        339
      0.57       1600 1.90656e+08        320        320
      0.58       1495 1.90656e+08        299        299
      0.59       1445 1.90656e+08        289        289
       0.6       1385 1.90656e+08        277        277
      0.61       1315 1.90656e+08        263        263
      0.62       1240 1.90656e+08        248        248
      0.63       1155 1.90656e+08        231        231
      0.64       1080 1.90656e+08        216        216
      0.65       1030 1.90656e+08        206        206
      0.66        965 1.90656e+08        193        193
      0.67        910 1.90656e+08        182        182
      0.68        845 1.90656e+08        169        169
      0.69        805 1.90656e+08        161        161
       0.7        750 1.90656e+08        150        150
      0.71        685 1.90656e+08        137        137
      0.72        640 1.90656e+08        128        128
      0.73        575 1.90656e+08        115        115
      0.74        525 1.90656e+08        105        105
      0.75        490 1.90656e+08         98         98
      0.76        445 1.90656e+08         89         89
      0.77        400 1.90656e+08         80         80
      0.78        355 1.90656e+08         71         71
      0.79        340 1.90656e+08         68         68
       0.8        315 1.90656e+08         63         63
      0.81        295 1.90656e+08         59         59
      0.82        270 1.90656e+08         54         54
      0.83        240 1.90656e+08         48         48
      0.84        215 1.90656e+08         43         43
      0.85        165 1.90656e+08         33         33
      0.86        150 1.90656e+08         30         30
      0.87        140 1.90656e+08         28         28
      0.88        130 1.90656e+08         26         26
      0.89        105 1.90656e+08         21         21
       0.9         80 1.90656e+08         16         16
      0.91         55 1.90656e+08         11         11
      0.92         35 1.90656e+08          7          7
      0.93         15 1.90656e+08          3          3
      0.94          0 1.90656e+08          0          0
      0.95          0 1.90656e+08          0          0
      0.96          0 1.90656e+08          0          0
      0.97          0 1.90656e+08          0          0
      0.98          0 1.90656e+08          0          0
      0.99          0 1.90656e+08          0          0
